0.0 0.44999999999999996 0.0
0.05 0.44999999999999996 0.0
0.1 0.44999999999999996 0.0
0.15000000000000002 0.44999999999999996 0.0
0.2 0.44999999999999996 0.0
0.25 0.44999999999999996 0.0
0.3 0.44999999999999996 1.0
0.35 0.44999999999999996 1.0
0.39999999999999997 0.44999999999999996 1.0
0.44999999999999996 0.44999999999999996 1.0
0.0 0.49999999999999994 0.0
0.05 0.49999999999999994 0.0
0.1 0.49999999999999994 0.0
0.15000000000000002 0.49999999999999994 0.0
0.2 0.49999999999999994 0.0
0.25 0.49999999999999994 0.0
0.3 0.49999999999999994 1.0
0.35 0.49999999999999994 1.0
0.39999999999999997 0.49999999999999994 1.0
0.44999999999999996 0.49999999999999994 1.0
0.0 0.5499999999999999 0.0
0.05 0.5499999999999999 0.0
0.1 0.5499999999999999 0.0
0.15000000000000002 0.5499999999999999 0.0
0.2 0.5499999999999999 0.0
0.25 0.5499999999999999 0.0
0.3 0.5499999999999999 1.0
0.35 0.5499999999999999 1.0
0.39999999999999997 0.5499999999999999 1.0
0.44999999999999996 0.5499999999999999 1.0
0.0 0.6 0.0
0.05 0.6 0.0
0.1 0.6 0.0
0.15000000000000002 0.6 0.0
0.2 0.6 0.0
0.25 0.6 0.0
0.3 0.6 1.0
0.35 0.6 1.0
0.39999999999999997 0.6 1.0
0.44999999999999996 0.6 1.0
0.0 0.65 0.0
0.05 0.65 0.0
0.1 0.65 0.0
0.15000000000000002 0.65 0.0
0.2 0.65 0.0
0.25 0.65 0.0
0.3 0.65 1.0
0.35 0.65 1.0
0.39999999999999997 0.65 1.0
0.44999999999999996 0.65 1.0
0.0 0.7000000000000001 0.0
0.05 0.7000000000000001 0.0
0.1 0.7000000000000001 0.0
0.15000000000000002 0.7000000000000001 0.0
0.2 0.7000000000000001 0.0
0.25 0.7000000000000001 0.0
0.3 0.7000000000000001 1.0
0.35 0.7000000000000001 1.0
0.39999999999999997 0.7000000000000001 1.0
0.44999999999999996 0.7000000000000001 1.0
0.0 0.7500000000000001 0.0
0.05 0.7500000000000001 0.0
0.1 0.7500000000000001 0.0
0.15000000000000002 0.7500000000000001 0.0
0.2 0.7500000000000001 0.0
0.25 0.7500000000000001 0.0
0.3 0.7500000000000001 0.0
0.35 0.7500000000000001 0.0
0.39999999999999997 0.7500000000000001 0.0
0.44999999999999996 0.7500000000000001 0.0
0.0 0.8000000000000002 0.0
0.05 0.8000000000000002 0.0
0.1 0.8000000000000002 0.0
0.15000000000000002 0.8000000000000002 0.0
0.2 0.8000000000000002 0.0
0.25 0.8000000000000002 0.0
0.3 0.8000000000000002 0.0
0.35 0.8000000000000002 0.0
0.39999999999999997 0.8000000000000002 0.0
0.44999999999999996 0.8000000000000002 0.0
0.0 0.8500000000000002 0.0
0.05 0.8500000000000002 0.0
0.1 0.8500000000000002 0.0
0.15000000000000002 0.8500000000000002 0.0
0.2 0.8500000000000002 0.0
0.25 0.8500000000000002 0.0
0.3 0.8500000000000002 0.0
0.35 0.8500000000000002 0.0
0.39999999999999997 0.8500000000000002 0.0
0.44999999999999996 0.8500000000000002 0.0
0.0 0.9000000000000002 0.0
0.05 0.9000000000000002 0.0
0.1 0.9000000000000002 0.0
0.15000000000000002 0.9000000000000002 0.0
0.2 0.9000000000000002 0.0
0.25 0.9000000000000002 0.0
0.3 0.9000000000000002 0.0
0.35 0.9000000000000002 0.0
0.39999999999999997 0.9000000000000002 0.0
0.44999999999999996 0.9000000000000002 0.0
