0.44999999999999996 0.44999999999999996 1.0
0.49999999999999994 0.44999999999999996 1.0
0.5499999999999999 0.44999999999999996 1.0
0.6 0.44999999999999996 1.0
0.65 0.44999999999999996 1.0
0.7000000000000001 0.44999999999999996 1.0
0.7500000000000001 0.44999999999999996 0.0
0.8000000000000002 0.44999999999999996 0.0
0.8500000000000002 0.44999999999999996 0.0
0.9000000000000002 0.44999999999999996 0.0
0.44999999999999996 0.49999999999999994 1.0
0.49999999999999994 0.49999999999999994 1.0
0.5499999999999999 0.49999999999999994 1.0
0.6 0.49999999999999994 1.0
0.65 0.49999999999999994 1.0
0.7000000000000001 0.49999999999999994 1.0
0.7500000000000001 0.49999999999999994 0.0
0.8000000000000002 0.49999999999999994 0.0
0.8500000000000002 0.49999999999999994 0.0
0.9000000000000002 0.49999999999999994 0.0
0.44999999999999996 0.5499999999999999 1.0
0.49999999999999994 0.5499999999999999 1.0
0.5499999999999999 0.5499999999999999 1.0
0.6 0.5499999999999999 1.0
0.65 0.5499999999999999 1.0
0.7000000000000001 0.5499999999999999 1.0
0.7500000000000001 0.5499999999999999 0.0
0.8000000000000002 0.5499999999999999 0.0
0.8500000000000002 0.5499999999999999 0.0
0.9000000000000002 0.5499999999999999 0.0
0.44999999999999996 0.6 1.0
0.49999999999999994 0.6 1.0
0.5499999999999999 0.6 1.0
0.6 0.6 1.0
0.65 0.6 1.0
0.7000000000000001 0.6 1.0
0.7500000000000001 0.6 0.0
0.8000000000000002 0.6 0.0
0.8500000000000002 0.6 0.0
0.9000000000000002 0.6 0.0
0.44999999999999996 0.65 1.0
0.49999999999999994 0.65 1.0
0.5499999999999999 0.65 1.0
0.6 0.65 1.0
0.65 0.65 1.0
0.7000000000000001 0.65 1.0
0.7500000000000001 0.65 0.0
0.8000000000000002 0.65 0.0
0.8500000000000002 0.65 0.0
0.9000000000000002 0.65 0.0
0.44999999999999996 0.7000000000000001 1.0
0.49999999999999994 0.7000000000000001 1.0
0.5499999999999999 0.7000000000000001 1.0
0.6 0.7000000000000001 1.0
0.65 0.7000000000000001 1.0
0.7000000000000001 0.7000000000000001 1.0
0.7500000000000001 0.7000000000000001 0.0
0.8000000000000002 0.7000000000000001 0.0
0.8500000000000002 0.7000000000000001 0.0
0.9000000000000002 0.7000000000000001 0.0
0.44999999999999996 0.7500000000000001 0.0
0.49999999999999994 0.7500000000000001 0.0
0.5499999999999999 0.7500000000000001 0.0
0.6 0.7500000000000001 0.0
0.65 0.7500000000000001 0.0
0.7000000000000001 0.7500000000000001 0.0
0.7500000000000001 0.7500000000000001 0.0
0.8000000000000002 0.7500000000000001 0.0
0.8500000000000002 0.7500000000000001 0.0
0.9000000000000002 0.7500000000000001 0.0
0.44999999999999996 0.8000000000000002 0.0
0.49999999999999994 0.8000000000000002 0.0
0.5499999999999999 0.8000000000000002 0.0
0.6 0.8000000000000002 0.0
0.65 0.8000000000000002 0.0
0.7000000000000001 0.8000000000000002 0.0
0.7500000000000001 0.8000000000000002 0.0
0.8000000000000002 0.8000000000000002 0.0
0.8500000000000002 0.8000000000000002 0.0
0.9000000000000002 0.8000000000000002 0.0
0.44999999999999996 0.8500000000000002 0.0
0.49999999999999994 0.8500000000000002 0.0
0.5499999999999999 0.8500000000000002 0.0
0.6 0.8500000000000002 0.0
0.65 0.8500000000000002 0.0
0.7000000000000001 0.8500000000000002 0.0
0.7500000000000001 0.8500000000000002 0.0
0.8000000000000002 0.8500000000000002 0.0
0.8500000000000002 0.8500000000000002 0.0
0.9000000000000002 0.8500000000000002 0.0
0.44999999999999996 0.9000000000000002 0.0
0.49999999999999994 0.9000000000000002 0.0
0.5499999999999999 0.9000000000000002 0.0
0.6 0.9000000000000002 0.0
0.65 0.9000000000000002 0.0
0.7000000000000001 0.9000000000000002 0.0
0.7500000000000001 0.9000000000000002 0.0
0.8000000000000002 0.9000000000000002 0.0
0.8500000000000002 0.9000000000000002 0.0
0.9000000000000002 0.9000000000000002 0.0
