0.44999999999999996 0.0 0.0
0.49999999999999994 0.0 0.0
0.5499999999999999 0.0 0.0
0.6 0.0 0.0
0.65 0.0 0.0
0.7000000000000001 0.0 0.0
0.7500000000000001 0.0 0.0
0.8000000000000002 0.0 0.0
0.8500000000000002 0.0 0.0
0.9000000000000002 0.0 0.0
0.44999999999999996 0.05 0.0
0.49999999999999994 0.05 0.0
0.5499999999999999 0.05 0.0
0.6 0.05 0.0
0.65 0.05 0.0
0.7000000000000001 0.05 0.0
0.7500000000000001 0.05 0.0
0.8000000000000002 0.05 0.0
0.8500000000000002 0.05 0.0
0.9000000000000002 0.05 0.0
0.44999999999999996 0.1 0.0
0.49999999999999994 0.1 0.0
0.5499999999999999 0.1 0.0
0.6 0.1 0.0
0.65 0.1 0.0
0.7000000000000001 0.1 0.0
0.7500000000000001 0.1 0.0
0.8000000000000002 0.1 0.0
0.8500000000000002 0.1 0.0
0.9000000000000002 0.1 0.0
0.44999999999999996 0.15000000000000002 0.0
0.49999999999999994 0.15000000000000002 0.0
0.5499999999999999 0.15000000000000002 0.0
0.6 0.15000000000000002 0.0
0.65 0.15000000000000002 0.0
0.7000000000000001 0.15000000000000002 0.0
0.7500000000000001 0.15000000000000002 0.0
0.8000000000000002 0.15000000000000002 0.0
0.8500000000000002 0.15000000000000002 0.0
0.9000000000000002 0.15000000000000002 0.0
0.44999999999999996 0.2 0.0
0.49999999999999994 0.2 0.0
0.5499999999999999 0.2 0.0
0.6 0.2 0.0
0.65 0.2 0.0
0.7000000000000001 0.2 0.0
0.7500000000000001 0.2 0.0
0.8000000000000002 0.2 0.0
0.8500000000000002 0.2 0.0
0.9000000000000002 0.2 0.0
0.44999999999999996 0.25 0.0
0.49999999999999994 0.25 0.0
0.5499999999999999 0.25 0.0
0.6 0.25 0.0
0.65 0.25 0.0
0.7000000000000001 0.25 0.0
0.7500000000000001 0.25 0.0
0.8000000000000002 0.25 0.0
0.8500000000000002 0.25 0.0
0.9000000000000002 0.25 0.0
0.44999999999999996 0.3 1.0
0.49999999999999994 0.3 1.0
0.5499999999999999 0.3 1.0
0.6 0.3 1.0
0.65 0.3 1.0
0.7000000000000001 0.3 1.0
0.7500000000000001 0.3 0.0
0.8000000000000002 0.3 0.0
0.8500000000000002 0.3 0.0
0.9000000000000002 0.3 0.0
0.44999999999999996 0.35 1.0
0.49999999999999994 0.35 1.0
0.5499999999999999 0.35 1.0
0.6 0.35 1.0
0.65 0.35 1.0
0.7000000000000001 0.35 1.0
0.7500000000000001 0.35 0.0
0.8000000000000002 0.35 0.0
0.8500000000000002 0.35 0.0
0.9000000000000002 0.35 0.0
0.44999999999999996 0.39999999999999997 1.0
0.49999999999999994 0.39999999999999997 1.0
0.5499999999999999 0.39999999999999997 1.0
0.6 0.39999999999999997 1.0
0.65 0.39999999999999997 1.0
0.7000000000000001 0.39999999999999997 1.0
0.7500000000000001 0.39999999999999997 0.0
0.8000000000000002 0.39999999999999997 0.0
0.8500000000000002 0.39999999999999997 0.0
0.9000000000000002 0.39999999999999997 0.0
0.44999999999999996 0.44999999999999996 1.0
0.49999999999999994 0.44999999999999996 1.0
0.5499999999999999 0.44999999999999996 1.0
0.6 0.44999999999999996 1.0
0.65 0.44999999999999996 1.0
0.7000000000000001 0.44999999999999996 1.0
0.7500000000000001 0.44999999999999996 0.0
0.8000000000000002 0.44999999999999996 0.0
0.8500000000000002 0.44999999999999996 0.0
0.9000000000000002 0.44999999999999996 0.0
